3308624423
3306242498
3302754274
3302698362
3302671817
3302608084
3302614447
3301832021
3301360315
3301350762
3299918239
3299922702
3298946097
3298919474
3295619998
3295555143
3295581136
3292925785
3288606788
3288614133
3286695117
3285723792
3284711217
3284605303
3283151074
3283065628
3282774467
3281733699
3281678477
3281634402
3279633680
3279630252
3279556639
3279591361
3273411447
3272985329
3272706769
3270469682
3267740497
3267643427
3267578236
3265289464
3265282555
3253785767
3253709619
3253688741
3253689988
3252707416
3252644519
3252585214
3252508520
3252447748
3251536735
3251467854
3246322259
3246300341
3246228530
3233244890
3233201152
3226563798
3226416712
3226378845
3226364422
3209729683
3199510861
3194654255
3165964126
3165921546
3165902066
3165855007
3137358212
3137308450
3131232757
3131184532
3131129447
3131106933
3131082621
3131052779
3124950657
3124895601
3124862849
3124807724
3124748566
3124740713
3124149553
3123824514
3121965547
3121558819
3121228563
3121186915
3120595111
3120359827
3120305783
3120290138
3120252314
3120033712
3118628677
3118604990
3118552821
3118522905
